# Energy_meV Original Background Corrected FinalWeight
-2.757111797949239644e+02 1.079225560004345698e-10 nan nan nan
-2.747921425289408717e+02 1.151599929700994068e-10 nan nan nan
-2.738731052629577789e+02 1.173593634561396205e-10 nan nan nan
-2.729540679969747430e+02 1.219553609283705425e-10 nan nan nan
-2.720350307309916502e+02 1.228700937875028589e-10 nan nan nan
-2.711159934650086143e+02 1.281637179972712482e-10 nan nan nan
-2.701969561990254647e+02 1.365159575484345979e-10 nan nan nan
-2.692779189330424288e+02 1.369278972725537436e-10 nan nan nan
-2.683588816670593360e+02 1.426756783333686679e-10 nan nan nan
-2.674398444010762432e+02 1.447855775791094031e-10 nan nan nan
-2.665208071350931505e+02 1.519521104761331408e-10 nan nan nan
-2.656017698691100577e+02 1.620531009131664555e-10 nan nan nan
-2.646827326031270218e+02 1.624440408044632241e-10 nan nan nan
-2.637636953371439290e+02 1.612616404608398814e-10 nan nan nan
-2.628446580711608362e+02 1.758412998533866159e-10 nan nan nan
-2.619256208051777435e+02 1.843178025709039554e-10 nan nan nan
-2.610065835391947076e+02 1.899540165362793040e-10 nan nan nan
-2.600875462732116148e+02 1.883026044459764589e-10 nan nan nan
-2.591685090072285220e+02 1.872949660180930937e-10 nan nan nan
-2.582494717412454293e+02 1.990899124003611116e-10 nan nan nan
-2.573304344752623933e+02 2.199066953187318751e-10 nan nan nan
-2.564113972092793006e+02 2.312670652031538770e-10 nan nan nan
-2.554923599432962078e+02 2.325401392309200972e-10 nan nan nan
-2.545733226773131150e+02 2.470074868738534690e-10 nan nan nan
-2.536542854113300507e+02 2.450611540904142131e-10 nan nan nan
-2.527352481453469579e+02 2.494671848199459830e-10 nan nan nan
-2.518162108793638936e+02 2.623774172968145095e-10 nan nan nan
-2.508971736133808008e+02 2.745779633792863415e-10 nan nan nan
-2.499781363473977365e+02 2.935104573518048276e-10 nan nan nan
-2.490590990814146721e+02 3.046421914087849805e-10 nan nan nan
-2.481400618154315794e+02 3.220209698421830067e-10 nan nan nan
-2.472210245494484866e+02 3.263962616787656556e-10 nan nan nan
-2.463019872834653938e+02 3.236461889890066199e-10 nan nan nan
-2.453829500174823295e+02 3.456034545519599073e-10 nan nan nan
-2.444639127514992367e+02 3.738959677213927693e-10 nan nan nan
-2.435448754855161724e+02 3.838914272430536153e-10 nan nan nan
-2.426258382195330796e+02 3.928666551471937890e-10 nan nan nan
-2.417068009535500153e+02 4.150181208236868915e-10 nan nan nan
-2.407877636875669509e+02 4.358948070717390700e-10 nan nan nan
-2.398687264215838582e+02 4.379516009104689793e-10 nan nan nan
-2.389496891556007654e+02 4.652392788497939186e-10 nan nan nan
-2.380306518896176726e+02 4.984636582169821233e-10 nan nan nan
-2.371116146236346083e+02 5.314980466073997542e-10 nan nan nan
-2.361925773576515155e+02 5.590335451848249826e-10 nan nan nan
-2.352735400916684512e+02 5.693029016802019160e-10 nan nan nan
-2.343545028256853868e+02 5.768610890689835163e-10 nan nan nan
-2.334354655597022941e+02 5.953613473355629618e-10 nan nan nan
-2.325164282937192297e+02 6.505834329292844862e-10 nan nan nan
-2.315973910277361369e+02 7.161498731496462022e-10 nan nan nan
-2.306783537617530442e+02 7.327588457187164355e-10 nan nan nan
-2.297593164957699514e+02 7.225013500032696932e-10 nan nan nan
-2.288402792297868871e+02 7.578749951166594633e-10 nan nan nan
-2.279212419638037943e+02 8.360332871740211181e-10 nan nan nan
-2.270022046978207300e+02 8.574263620175416179e-10 nan nan nan
-2.260831674318376656e+02 8.814843939073426717e-10 nan nan nan
-2.251641301658545729e+02 9.361612884359914642e-10 nan nan nan
-2.242450928998715085e+02 1.009250013509932736e-09 nan nan nan
-2.233260556338884157e+02 1.059830069127367416e-09 nan nan nan
-2.224070183679053230e+02 1.136121352215443023e-09 nan nan nan
-2.214879811019222302e+02 1.174507697275061302e-09 nan nan nan
-2.205689438359391659e+02 1.181100552670683462e-09 nan nan nan
-2.196499065699561015e+02 1.203055205277158260e-09 nan nan nan
-2.187308693039730088e+02 1.227122546034080468e-09 nan nan nan
-2.178118320379899444e+02 1.251521429856691576e-09 nan nan nan
-2.168927947720068516e+02 1.310746988427534494e-09 nan nan nan
-2.159737575060237873e+02 1.383189131455094562e-09 nan nan nan
-2.150547202400406945e+02 1.489103811824209913e-09 nan nan nan
-2.141356829740576018e+02 1.563715353488101757e-09 nan nan nan
-2.132166457080745090e+02 1.682019144826213453e-09 nan nan nan
-2.122976084420914447e+02 1.850298781129055891e-09 nan nan nan
-2.113785711761083803e+02 1.921749560496901881e-09 nan nan nan
-2.104595339101252875e+02 1.992930639468914085e-09 nan nan nan
-2.095404966441422232e+02 2.127892638242837548e-09 nan nan nan
-2.086214593781591304e+02 2.192320945563991703e-09 nan nan nan
-2.077024221121760661e+02 2.190092162127271071e-09 nan nan nan
-2.067833848461929733e+02 2.267775683906796355e-09 nan nan nan
-2.058643475802098806e+02 2.340209349530595606e-09 nan nan nan
-2.049453103142268162e+02 2.366514304221964231e-09 nan nan nan
-2.040262730482437235e+02 2.403321470169640746e-09 nan nan nan
-2.031072357822606591e+02 2.399436525284863495e-09 nan nan nan
-2.021881985162775663e+02 2.435050285536602517e-09 nan nan nan
-2.012691612502945020e+02 2.500315760160367199e-09 nan nan nan
-2.003501239843114092e+02 2.459763756295349609e-09 nan nan nan
-1.994310867183283449e+02 2.493817793055497500e-09 nan nan nan
-1.985120494523452521e+02 2.540419465312762570e-09 nan nan nan
-1.975930121863621878e+02 2.564533776628250026e-09 nan nan nan
-1.966739749203790950e+02 2.707377963840244541e-09 nan nan nan
-1.957549376543960022e+02 2.892973581192110792e-09 nan nan nan
-1.948359003884129379e+02 3.023788116711404776e-09 nan nan nan
-1.939168631224298451e+02 3.121416029989704969e-09 nan nan nan
-1.929978258564467808e+02 3.253411601194007432e-09 nan nan nan
-1.920787885904636880e+02 3.333420008782407609e-09 nan nan nan
-1.911597513244806237e+02 3.508921386539342365e-09 nan nan nan
-1.902407140584975593e+02 3.722857599344696936e-09 nan nan nan
-1.893216767925144666e+02 3.964891928604932662e-09 nan nan nan
-1.884026395265313738e+02 4.131618410014240738e-09 nan nan nan
-1.874836022605482810e+02 4.231319695616460705e-09 nan nan nan
-1.865645649945652167e+02 4.622425232676380282e-09 nan nan nan
-1.856455277285821239e+02 4.882377234518510610e-09 nan nan nan
-1.847264904625990596e+02 5.147714887739188278e-09 nan nan nan
-1.838074531966159668e+02 5.352028642865272490e-09 nan nan nan
-1.828884159306329025e+02 5.600170726823696606e-09 nan nan nan
-1.819693786646498381e+02 5.837945054948472938e-09 nan nan nan
-1.810503413986667454e+02 6.151040637338653754e-09 nan nan nan
-1.801313041326836526e+02 6.640749989347354914e-09 nan nan nan
-1.792122668667005598e+02 6.954206612747316739e-09 nan nan nan
-1.782932296007174955e+02 7.430499689236917611e-09 nan nan nan
-1.773741923347344027e+02 7.857244837030633465e-09 nan nan nan
-1.764551550687513384e+02 8.251271119345831460e-09 nan nan nan
-1.755361178027682740e+02 9.275231197900075872e-09 nan nan nan
-1.746170805367851813e+02 9.671658367736348759e-09 nan nan nan
-1.736980432708021169e+02 1.021482946740205388e-08 nan nan nan
-1.727790060048190242e+02 1.117090427489183629e-08 nan nan nan
-1.718599687388359314e+02 1.154699425082353085e-08 nan nan nan
-1.709409314728528386e+02 1.267112886163308133e-08 nan nan nan
-1.700218942068697743e+02 1.385738590064160946e-08 nan nan nan
-1.691028569408866815e+02 1.422489638534555252e-08 nan nan nan
-1.681838196749036172e+02 1.477558184250721700e-08 nan nan nan
-1.672647824089205528e+02 1.595996996107354444e-08 nan nan nan
-1.663457451429374601e+02 1.695797890362185028e-08 nan nan nan
-1.654267078769543957e+02 1.838132100864300909e-08 nan nan nan
-1.645076706109713029e+02 1.942821926561020005e-08 nan nan nan
-1.635886333449882102e+02 2.046513618574697530e-08 nan nan nan
-1.626695960790051174e+02 2.136540235083309474e-08 nan nan nan
-1.617505588130220531e+02 2.237361735528818417e-08 nan nan nan
-1.608315215470389887e+02 2.347444464259163735e-08 nan nan nan
-1.599124842810558960e+02 2.483169826983062373e-08 nan nan nan
-1.589934470150728316e+02 2.640931670884211587e-08 nan nan nan
-1.580744097490897389e+02 2.863804516162958212e-08 nan nan nan
-1.571553724831066745e+02 3.056493206258649112e-08 nan nan nan
-1.562363352171235817e+02 3.276199499836950877e-08 nan nan nan
-1.553172979511404890e+02 3.471936447935775426e-08 nan nan nan
-1.543982606851573962e+02 3.721373568517648174e-08 nan nan nan
-1.534792234191743319e+02 3.965594373648270641e-08 nan nan nan
-1.525601861531912675e+02 4.178675939979586006e-08 nan nan nan
-1.516411488872081748e+02 4.340249279175072501e-08 nan nan nan
-1.507221116212251104e+02 4.662362951844804058e-08 nan nan nan
-1.498030743552420176e+02 5.103880912296264133e-08 nan nan nan
-1.488840370892589533e+02 5.301553751977171391e-08 nan nan nan
-1.479649998232758605e+02 5.652857349925441002e-08 nan nan nan
-1.470459625572927962e+02 5.987088516998582794e-08 nan nan nan
-1.461269252913097034e+02 6.436427479461004621e-08 nan nan nan
-1.452078880253266107e+02 7.045244662665246202e-08 nan nan nan
-1.442888507593435463e+02 7.476423814265249472e-08 nan nan nan
-1.433698134933604535e+02 7.883090153654179508e-08 nan nan nan
-1.424507762273773892e+02 8.355169539902394492e-08 nan nan nan
-1.415317389613942964e+02 9.025830306074294347e-08 nan nan nan
-1.406127016954112321e+02 9.870840444900938197e-08 nan nan nan
-1.396936644294281678e+02 1.073843755296486177e-07 nan nan nan
-1.387746271634450750e+02 1.136088751389744740e-07 nan nan nan
-1.378555898974619822e+02 1.220734232852614628e-07 nan nan nan
-1.369365526314788895e+02 1.337249822502870149e-07 nan nan nan
-1.360175153654958251e+02 1.415676793023337341e-07 nan nan nan
-1.350984780995127323e+02 1.543888811867172020e-07 nan nan nan
-1.341794408335296680e+02 1.710993631172048578e-07 nan nan nan
-1.332604035675465752e+02 1.913262713060640057e-07 nan nan nan
-1.323413663015635109e+02 2.202334148234913378e-07 nan nan nan
-1.314223290355804181e+02 2.591504047216260906e-07 nan nan nan
-1.305032917695973538e+02 3.040764497082048726e-07 nan nan nan
-1.295842545036142610e+02 3.806267253396577428e-07 nan nan nan
-1.286652172376311967e+02 4.976745578825051475e-07 nan nan nan
-1.277461799716481039e+02 6.584298414121938196e-07 nan nan nan
-1.268271427056650253e+02 8.833372318434301271e-07 nan nan nan
-1.259081054396819468e+02 1.058920295451989665e-06 nan nan nan
-1.249890681736988682e+02 1.190271182767555769e-06 nan nan nan
-1.240700309077157897e+02 1.242525736825534126e-06 nan nan nan
-1.231509936417326969e+02 1.365773517163832139e-06 nan nan nan
-1.222319563757496184e+02 1.455527579642018645e-06 nan nan nan
-1.213129191097665398e+02 1.488806259018102984e-06 nan nan nan
-1.203938818437834755e+02 1.539041866912752157e-06 nan nan nan
-1.194748445778003827e+02 1.499246670632734749e-06 nan nan nan
-1.185558073118173041e+02 1.480218985018915913e-06 nan nan nan
-1.176367700458342256e+02 1.550876995533156980e-06 nan nan nan
-1.167177327798511470e+02 1.557238610077818373e-06 nan nan nan
-1.157986955138680685e+02 1.565964117192641213e-06 nan nan nan
-1.148796582478849757e+02 1.527809814437992724e-06 nan nan nan
-1.139606209819018972e+02 1.470437564901029214e-06 nan nan nan
-1.130415837159188328e+02 1.458593406291972370e-06 nan nan nan
-1.121225464499357543e+02 1.554980938758750547e-06 nan nan nan
-1.112035091839526615e+02 1.811364423971471132e-06 nan nan nan
-1.102844719179695829e+02 2.242634485658887000e-06 nan nan nan
-1.093654346519865044e+02 3.006288498193359318e-06 nan nan nan
-1.084463973860034258e+02 4.016640482395098414e-06 nan nan nan
-1.075273601200203473e+02 5.108316863992714721e-06 nan nan nan
-1.066083228540372545e+02 6.125712284242707708e-06 nan nan nan
-1.056892855880541902e+02 6.266056195015915375e-06 nan nan nan
-1.047702483220711116e+02 5.753829009556489170e-06 nan nan nan
-1.038512110560880330e+02 5.128815263814704154e-06 nan nan nan
-1.029321737901049403e+02 4.549978918727849935e-06 nan nan nan
-1.020131365241218617e+02 3.811342483178353681e-06 nan nan nan
-1.010940992581387832e+02 3.165076404969504960e-06 nan nan nan
-1.001750619921557046e+02 2.568065504365980320e-06 nan nan nan
-9.925602472617262606e+01 2.218021155334296335e-06 nan nan nan
-9.833698746018954751e+01 1.907552319524493918e-06 nan nan nan
-9.741795019420646895e+01 1.719812011057538824e-06 nan nan nan
-9.649891292822339040e+01 1.626002369657190410e-06 nan nan nan
-9.557987566224031184e+01 1.565187322744332772e-06 nan nan nan
-9.466083839625723328e+01 1.517289219664299382e-06 nan nan nan
-9.374180113027414052e+01 1.489765179760598225e-06 nan nan nan
-9.282276386429106196e+01 1.536886874778247608e-06 nan nan nan
-9.190372659830798341e+01 1.608629844112398720e-06 nan nan nan
-9.098468933232491906e+01 1.633429238803197799e-06 nan nan nan
-9.006565206634182630e+01 1.675708302590202972e-06 nan nan nan
-8.914661480035874774e+01 1.680046315956630526e-06 nan nan nan
-8.822757753437566919e+01 1.775605652860838479e-06 nan nan nan
-8.730854026839259063e+01 1.860682100909892007e-06 nan nan nan
-8.638950300240951208e+01 1.984469030440763239e-06 nan nan nan
-8.547046573642641931e+01 2.065618149865259242e-06 nan nan nan
-8.455142847044334076e+01 2.119972314306975937e-06 nan nan nan
-8.363239120446027641e+01 2.234329299865524968e-06 nan nan nan
-8.271335393847719786e+01 2.385254923791918120e-06 nan nan nan
-8.179431667249410509e+01 2.512104703419736446e-06 nan nan nan
-8.087527940651102654e+01 2.745032987488890787e-06 nan nan nan
-7.995624214052794798e+01 2.947709316329570014e-06 nan nan nan
-7.903720487454486943e+01 3.115797979190869414e-06 nan nan nan
-7.811816760856179087e+01 3.308238677986035237e-06 nan nan nan
-7.719913034257869811e+01 3.670425198629335074e-06 nan nan nan
-7.628009307659563376e+01 4.038562765636569928e-06 nan nan nan
-7.536105581061255521e+01 4.461484741804431422e-06 nan nan nan
-7.444201854462947665e+01 5.045012347691865809e-06 nan nan nan
-7.352298127864639810e+01 6.063215696424761616e-06 nan nan nan
-7.260394401266330533e+01 7.121895743471318636e-06 nan nan nan
-7.168490674668022677e+01 8.396362388083299046e-06 nan nan nan
-7.076586948069714822e+01 1.080465146840885327e-05 nan nan nan
-6.984683221471408388e+01 1.456033208616382622e-05 nan nan nan
-6.892779494873099111e+01 2.003096987206466178e-05 nan nan nan
-6.800875768274791255e+01 2.524352622268573865e-05 nan nan nan
-6.708972041676483400e+01 2.968837946127951424e-05 nan nan nan
-6.617068315078175544e+01 3.475383237127639430e-05 nan nan nan
-6.525164588479867689e+01 3.944899925592901127e-05 nan nan nan
-6.433260861881559833e+01 4.061556014838759067e-05 nan nan nan
-6.341357135283251267e+01 3.890311654050033021e-05 nan nan nan
-6.249453408684943412e+01 3.634192410636503489e-05 nan nan nan
-6.157549682086634846e+01 3.522642370421127456e-05 nan nan nan
-6.065645955488326990e+01 3.587800345086478149e-05 nan nan nan
-5.973742228890019135e+01 3.920103191817399534e-05 nan nan nan
-5.881838502291711279e+01 4.125684388464009075e-05 nan nan nan
-5.789934775693403424e+01 4.477829005487260071e-05 nan nan nan
-5.698031049095094858e+01 4.252016335514290215e-05 nan nan nan
-5.606127322496787713e+01 4.068344032163259303e-05 nan nan nan
-5.514223595898479147e+01 4.294683288391014045e-05 nan nan nan
-5.422319869300171291e+01 4.902486404848902484e-05 nan nan nan
-5.330416142701862725e+01 5.073181272236604230e-05 nan nan nan
-5.238512416103555580e+01 5.160000410033917554e-05 nan nan nan
-5.146608689505247014e+01 5.265788491665538177e-05 nan nan nan
-5.054704962906939159e+01 5.210502830490111028e-05 nan nan nan
-4.962801236308631303e+01 5.646815960370549133e-05 nan nan nan
-4.870897509710323448e+01 6.457186824309413601e-05 nan nan nan
-4.778993783112015592e+01 7.289349348376210889e-05 nan nan nan
-4.687090056513707026e+01 7.777791533477704711e-05 nan nan nan
-4.595186329915399170e+01 7.807983749461302970e-05 nan nan nan
-4.503282603317091315e+01 7.831970518801242907e-05 nan nan nan
-4.411378876718783459e+01 7.594984253959267343e-05 nan nan nan
-4.319475150120475604e+01 7.807788200737472023e-05 nan nan nan
-4.227571423522167038e+01 8.588136620063233138e-05 nan nan nan
-4.135667696923859893e+01 9.262747770925487721e-05 nan nan nan
-4.043763970325551327e+01 1.028759005260013231e-04 nan nan nan
-3.951860243727243471e+01 1.087666251149637482e-04 nan nan nan
-3.859956517128934905e+01 1.222042702200946160e-04 nan nan nan
-3.768052790530627760e+01 1.371669441047336079e-04 nan nan nan
-3.676149063932319905e+01 1.536982759888187039e-04 nan nan nan
-3.584245337334011339e+01 1.632017534624879019e-04 nan nan nan
-3.492341610735704194e+01 1.884621729893533370e-04 nan nan nan
-3.400437884137395628e+01 2.134650218163264995e-04 nan nan nan
-3.308534157539087772e+01 2.260308961551411183e-04 nan nan nan
-3.216630430940779917e+01 2.356961183658854266e-04 nan nan nan
-3.124726704342471706e+01 2.617718997450262032e-04 nan nan nan
-3.032822977744163495e+01 2.746531660502109901e-04 nan nan nan
-2.940919251145855640e+01 2.611634894411490339e-04 nan nan nan
-2.849015524547547429e+01 2.454128853510685279e-04 nan nan nan
-2.757111797949239573e+01 2.296267584471112949e-04 nan nan nan
-2.665208071350931363e+01 2.361328383441009895e-04 nan nan nan
-2.573304344752623507e+01 2.536767001758896407e-04 nan nan nan
-2.481400618154315652e+01 2.586184051800204044e-04 nan nan nan
-2.389496891556007796e+01 2.856652165043995829e-04 nan nan nan
-2.297593164957699585e+01 3.114195141612580110e-04 nan nan nan
-2.205689438359391730e+01 3.088624271440081775e-04 nan nan nan
-2.113785711761083519e+01 2.981301616097357596e-04 nan nan nan
-2.021881985162775663e+01 3.221071641859372232e-04 nan nan nan
-1.929978258564467453e+01 4.136818980928196206e-04 nan nan nan
-1.838074531966159952e+01 4.363238697153861518e-04 nan nan nan
-1.746170805367852097e+01 4.137473309420445556e-04 nan nan nan
-1.654267078769543886e+01 4.144318229741851003e-04 nan nan nan
-1.562363352171235853e+01 4.501218774372094740e-04 nan nan nan
-1.470459625572927820e+01 4.898268824669214320e-04 nan nan nan
-1.378555898974619787e+01 5.603124525995619798e-04 nan nan nan
-1.286652172376311754e+01 6.462502930822803561e-04 nan nan nan
-1.194748445778003898e+01 6.992488662569016841e-04 nan nan nan
-1.102844719179695865e+01 6.502774925685063769e-04 nan nan nan
-1.010940992581387832e+01 5.916393459651392728e-04 nan nan nan
-9.190372659830799762e+00 6.313188865068938968e-04 nan nan nan
-8.271335393847719430e+00 7.434861024203267936e-04 nan nan nan
-7.352298127864639099e+00 7.227325499100129436e-04 nan nan nan
-6.433260861881558768e+00 7.111712880942437989e-04 nan nan nan
-5.514223595898479324e+00 6.688228966292344155e-04 nan nan nan
-4.595186329915399881e+00 1.032556315326054342e-03 nan nan nan
-3.676149063932319550e+00 1.957588676304821296e-03 nan nan nan
-2.757111797949239662e+00 2.713790607860614053e-03 nan nan nan
-1.838074531966159775e+00 4.555266291669742701e-03 nan nan nan
-9.190372659830798874e-01 1.270859510348541777e-01 nan nan nan
0.000000000000000000e+00 5.072796462326586431e-01 nan nan nan
9.190372659830798874e-01 1.352378062538225623e-01 nan nan nan
1.838074531966159775e+00 3.105438716836956842e-03 nan nan nan
2.757111797949239662e+00 2.417601786808133094e-03 nan nan nan
3.676149063932319550e+00 1.271229092446681192e-03 nan nan nan
4.595186329915399881e+00 7.206370588763076840e-04 nan nan nan
5.514223595898479324e+00 6.795942676829119138e-04 1.084134261429248419e-04 5.711808415399871261e-04 8.756510762696520037e-27
6.433260861881558768e+00 8.777037514357001989e-04 1.077956345669924383e-04 7.699081168687077741e-04 8.756510762696520037e-27
7.352298127864639099e+00 1.107963059035135507e-03 1.071778429910600754e-04 1.000785216044075337e-03 8.756510762696520037e-27
8.271335393847719430e+00 1.131452982250955291e-03 1.065600514151277803e-04 1.024892930835827592e-03 8.756510762696520037e-27
9.190372659830799762e+00 1.030963848981552135e-03 1.059422598391954716e-04 9.250215891423566907e-04 8.756510762696520037e-27
1.010940992581387832e+01 1.041003665396707332e-03 1.053244682632630273e-04 9.356791971334443587e-04 8.756510762696520037e-27
1.102844719179695865e+01 1.016267249108631461e-03 1.047066766873302579e-04 9.115605724213011758e-04 8.756510762696520037e-27
1.194748445778003898e+01 9.890309480039129013e-04 1.040888851113969463e-04 8.849420628925159550e-04 8.756510762696520037e-27
1.286652172376311754e+01 9.455996722005205989e-04 1.034710935354628215e-04 8.421285786650577502e-04 8.756510762696520037e-27
1.378555898974619787e+01 9.745133109423295952e-04 1.028533019595276532e-04 8.716600089828019284e-04 8.756510762696520037e-27
1.470459625572927820e+01 9.403689000327115736e-04 1.022355103835911433e-04 8.381333896491203897e-04 8.756510762696520037e-27
1.562363352171235853e+01 8.647644147034517711e-04 1.016177188076529257e-04 7.631466958957988048e-04 8.756510762696520037e-27
1.654267078769543886e+01 8.809960917056642140e-04 1.009999272317126210e-04 7.799961644739516337e-04 8.756510762696520037e-27
1.746170805367852097e+01 8.789424988592639716e-04 1.003821356557697819e-04 7.785603632034941626e-04 8.756510762696520037e-27
1.838074531966159952e+01 8.798637120733106233e-04 9.976434407982397493e-05 7.800993679934866212e-04 8.756510762696520037e-27
1.929978258564467453e+01 7.953845604715030840e-04 9.914655250387476623e-05 6.962380079676283584e-04 8.756510762696520037e-27
2.021881985162775663e+01 7.439538334596292176e-04 9.852876092792168150e-05 6.454250725317075632e-04 8.756510762696520037e-27
2.113785711761083519e+01 7.159161533346002602e-04 9.791096935196416510e-05 6.180051839826361222e-04 8.756510762696520037e-27
2.205689438359391730e+01 6.942044036799477824e-04 9.729317777600159361e-05 5.969112259039461481e-04 8.756510762696520037e-27
2.297593164957699585e+01 7.313889863895065577e-04 9.667538620003328939e-05 6.347136001894732819e-04 8.756510762696520037e-27
2.389496891556007796e+01 7.173813331067364300e-04 9.605759462405850707e-05 6.213237384826779093e-04 8.756510762696520037e-27
2.481400618154315652e+01 7.621821444319110128e-04 9.543980304807644704e-05 6.667423413838345116e-04 8.756510762696520037e-27
2.573304344752623507e+01 7.304964928989162018e-04 9.482201147208628260e-05 6.356744814268299598e-04 8.756510762696520037e-27
2.665208071350931363e+01 6.582909138314919917e-04 9.420421989608713284e-05 5.640866939354048995e-04 8.756510762696520037e-27
2.757111797949239573e+01 6.549328027943879292e-04 9.358642832007808973e-05 5.613463744743098531e-04 8.756510762696520037e-27
2.849015524547547429e+01 7.134726442473463773e-04 9.296863674405820459e-05 6.205040075032881592e-04 8.756510762696520037e-27
2.940919251145855640e+01 7.601308087985521409e-04 9.235084516802651521e-05 6.677799636305255986e-04 8.756510762696520037e-27
3.032822977744163495e+01 8.310005287523221243e-04 9.173305359198205935e-05 7.392674751603400514e-04 8.756510762696520037e-27
3.124726704342471706e+01 8.685233248519149589e-04 9.111526201592377991e-05 7.774080628359912332e-04 8.756510762696520037e-27
3.216630430940779917e+01 8.253466232492815248e-04 9.049747043985064689e-05 7.348491528094308915e-04 8.756510762696520037e-27
3.308534157539087772e+01 7.846724592415985642e-04 8.987967886376158966e-05 6.947927803778369609e-04 8.756510762696520037e-27
3.400437884137395628e+01 7.590920516498927528e-04 8.926188728765551046e-05 6.698301643622372016e-04 8.756510762696520037e-27
3.492341610735704194e+01 7.268613990145027324e-04 8.864409571153128442e-05 6.382173033029714480e-04 8.756510762696520037e-27
3.584245337334011339e+01 6.909315173603080120e-04 8.802630413538780024e-05 6.029052132249201846e-04 8.756510762696520037e-27
3.676149063932319905e+01 6.495424943465010403e-04 8.740851255922387885e-05 5.621339817872771615e-04 8.756510762696520037e-27
3.768052790530627760e+01 6.514191669645951225e-04 8.679072098303828697e-05 5.646284459815568762e-04 8.756510762696520037e-27
3.859956517128934905e+01 6.068752468612958291e-04 8.617292940682973711e-05 5.207023174544660920e-04 8.756510762696520037e-27
3.951860243727243471e+01 5.411842781666987689e-04 8.555513783059691467e-05 4.556291403361018271e-04 8.756510762696520037e-27
4.043763970325551327e+01 4.745920776292193765e-04 8.493734625433845085e-05 3.896547313748809256e-04 8.756510762696520037e-27
4.135667696923859893e+01 4.555714694869030684e-04 8.431955467805288197e-05 3.712519148088501593e-04 8.756510762696520037e-27
4.227571423522167038e+01 4.401339285796889941e-04 8.370176310173871727e-05 3.564321654779503039e-04 8.756510762696520037e-27
4.319475150120475604e+01 4.297072106001144799e-04 8.308397152539442529e-05 3.466232390747200410e-04 8.756510762696520037e-27
4.411378876718783459e+01 4.245228165237405877e-04 8.246617994901844751e-05 3.420566365747221673e-04 8.756510762696520037e-27
4.503282603317091315e+01 4.256151263637291695e-04 8.184838837260915761e-05 3.437667379911199983e-04 8.756510762696520037e-27
4.595186329915399170e+01 4.617148440866210789e-04 8.123059679616491575e-05 3.804842472904561767e-04 8.756510762696520037e-27
4.687090056513707026e+01 5.124045372898348516e-04 8.061280521968396009e-05 4.317917320701508644e-04 8.756510762696520037e-27
4.778993783112015592e+01 5.121463862128700605e-04 7.999501364316451526e-05 4.321513725697055316e-04 8.756510762696520037e-27
4.870897509710323448e+01 4.365432267797873973e-04 7.937722206660479231e-05 3.571660047131826050e-04 8.756510762696520037e-27
4.962801236308631303e+01 3.903156058227994440e-04 7.875943049000297522e-05 3.115561753327964552e-04 8.756510762696520037e-27
5.054704962906939159e+01 3.688703280296227625e-04 7.814163891335720728e-05 2.907286891162655417e-04 8.756510762696520037e-27
5.146608689505247014e+01 3.675075550521413373e-04 7.752384733666560469e-05 2.899837077154757462e-04 8.756510762696520037e-27
5.238512416103555580e+01 3.684567145729511278e-04 7.690605575992625655e-05 2.915506588130248712e-04 8.756510762696520037e-27
5.330416142701862725e+01 3.819927833531014589e-04 7.628826418313725195e-05 3.057045191699641934e-04 8.756510762696520037e-27
5.422319869300171291e+01 3.927354601310355004e-04 7.567047260629665287e-05 3.170649875247388339e-04 8.756510762696520037e-27
5.514223595898479147e+01 3.788849967291667720e-04 7.505268102940248066e-05 3.038323156997642643e-04 8.756510762696520037e-27
5.606127322496787713e+01 3.800173813764491019e-04 7.443488945245275664e-05 3.055824919239963182e-04 8.756510762696520037e-27
5.698031049095094858e+01 3.869741613332546427e-04 7.381709787544544793e-05 3.131570634578092083e-04 8.756510762696520037e-27
5.789934775693403424e+01 3.988936135066798567e-04 7.319930629837846745e-05 3.256943072083014028e-04 8.756510762696520037e-27
5.881838502291711279e+01 3.940175833101979192e-04 7.258151472124968744e-05 3.214360685889482453e-04 8.756510762696520037e-27
5.973742228890019135e+01 3.681278358742830323e-04 7.196372314405695306e-05 2.961641127302261063e-04 8.756510762696520037e-27
6.065645955488326990e+01 3.516534833697949848e-04 7.134593156679809589e-05 2.803075518029968889e-04 8.756510762696520037e-27
6.157549682086634846e+01 3.658459254992071702e-04 7.072813998947094754e-05 2.951177855097362091e-04 8.756510762696520037e-27
6.249453408684943412e+01 4.096361444426141257e-04 7.011034841207325829e-05 3.395257960305408810e-04 8.756510762696520037e-27
6.341357135283251267e+01 4.565114319108941961e-04 6.949255683460276486e-05 3.870188750762914177e-04 8.756510762696520037e-27
6.433260861881559833e+01 4.669056992661011754e-04 6.887476525705717688e-05 3.980309340090439985e-04 8.756510762696520037e-27
6.525164588479867689e+01 4.649654721816875937e-04 6.825697367943416331e-05 3.967084985022534304e-04 8.756510762696520037e-27
6.617068315078175544e+01 4.340627773054463873e-04 6.763918210173135246e-05 3.664235952037150348e-04 8.756510762696520037e-27
6.708972041676483400e+01 3.997243377346651146e-04 6.702139052394631843e-05 3.327029472107188098e-04 8.756510762696520037e-27
6.800875768274791255e+01 3.488907576743166539e-04 6.640359894607667597e-05 2.824871587282399643e-04 8.756510762696520037e-27
6.892779494873099111e+01 2.927892311819254418e-04 6.578580736811995852e-05 2.270034238138054833e-04 8.756510762696520037e-27
6.984683221471408388e+01 2.240911498389947746e-04 6.516801579007367243e-05 1.589231340489211022e-04 8.756510762696520037e-27
7.076586948069714822e+01 1.702341757133922788e-04 6.455022421193528336e-05 1.056839515014569954e-04 8.756510762696520037e-27
7.168490674668022677e+01 1.337957024833835587e-04 6.393243263370222988e-05 6.986326984968132885e-05 8.756510762696520037e-27
7.260394401266330533e+01 1.116027391773185222e-04 6.331464105537193702e-05 4.828809812194658521e-05 8.756510762696520037e-27
7.352298127864639810e+01 9.556703355634630194e-05 6.269684947694178915e-05 3.287018407940451279e-05 8.756510762696520037e-27
7.444201854462947665e+01 8.582524855835044176e-05 6.207905789840915706e-05 2.374619065994128470e-05 8.756510762696520037e-27
7.536105581061255521e+01 8.042327197801221359e-05 6.146126631977131671e-05 1.896200565824089689e-05 8.756510762696520037e-27
7.628009307659563376e+01 7.616230142718840581e-05 6.084347474102553047e-05 1.531882668616287534e-05 8.756510762696520037e-27
7.719913034257869811e+01 7.209587841594623033e-05 6.022568316216906752e-05 1.187019525377716280e-05 8.756510762696520037e-27
7.811816760856179087e+01 6.679939235613547796e-05 5.960789158319913604e-05 7.191500772936341914e-06 8.756510762696520037e-27
7.903720487454486943e+01 6.456701793974644298e-05 5.899010000411295099e-05 5.576917935633491990e-06 8.756510762696520037e-27
7.995624214052794798e+01 6.366923095127224267e-05 5.837230842490772053e-05 5.296922526364522142e-06 8.756510762696520037e-27
8.087527940651102654e+01 6.170824893718442343e-05 5.775451684558063252e-05 3.953732091603790908e-06 8.756510762696520037e-27
8.179431667249410509e+01 6.015779821831326532e-05 5.713672526612883416e-05 3.021072952184431155e-06 1.166408251728789634e-23
8.271335393847719786e+01 5.811338974982907410e-05 5.651893368654947942e-05 1.594456063279594681e-06 1.602201510559865568e-11
8.363239120446027641e+01 5.652733012421570671e-05 5.590114210683970870e-05 6.261880173759980087e-07 2.764914910769219417e-03
8.455142847044334076e+01 5.554002150482821891e-05 5.528335052699670987e-05 2.566709778315090355e-07 7.943147766563627421e-01
8.547046573642641931e+01 5.449969846818539698e-05 5.466556202585344109e-05 -1.658635576680441022e-07 9.999342045468975204e-01
8.638950300240951208e+01 5.522816269881875310e-05 5.404814223349292267e-05 1.180020465325830434e-06 5.380169245720375682e-08
8.730854026839259063e+01 5.482161009729099487e-05 5.343116184765512780e-05 1.390448249635867065e-06 8.718571006066729060e-10
8.822757753437566919e+01 5.396117895167390759e-05 5.281469156619293578e-05 1.146487385480971812e-06 1.037767739343821882e-07
8.914661480035874774e+01 5.377565001065708126e-05 5.219880208696123166e-05 1.576847923695849608e-06 2.262191147312955170e-11
9.006565206634182630e+01 5.279570135719547719e-05 5.158356410802644867e-05 1.212137249169028522e-06 2.867750506197843123e-08
9.098468933232491906e+01 5.357537386476212088e-05 5.096904832745508782e-05 2.606325537307033061e-06 3.940778319756154508e-20
9.190372659830798341e+01 5.539576433066191382e-05 5.035532544337541574e-05 5.040438887286498076e-06 8.756510762696520037e-27
9.282276386429106196e+01 5.590018435509286766e-05 4.974246615391568553e-05 6.157718201177182131e-06 8.756510762696520037e-27
9.374180113027414052e+01 5.662229235639031847e-05 4.913054115720412316e-05 7.491751199186195314e-06 8.756510762696520037e-27
9.466083839625723328e+01 5.802149649141555873e-05 4.851962115136894106e-05 9.501875340046617667e-06 8.756510762696520037e-27
9.557987566224031184e+01 6.164165088492575180e-05 4.790977683453835167e-05 1.373187405038740012e-05 8.756510762696520037e-27
9.649891292822339040e+01 6.825911194538002017e-05 4.730107890484056742e-05 2.095803304053945275e-05 8.756510762696520037e-27
9.741795019420646895e+01 7.508166128560225382e-05 4.669359806040376007e-05 2.838806322519849375e-05 8.756510762696520037e-27
9.833698746018954751e+01 8.650881675505034418e-05 4.608740499935609462e-05 4.042141175569424955e-05 8.756510762696520037e-27
9.925602472617262606e+01 1.025104925124759042e-04 4.548257041982575641e-05 5.702792209265014780e-05 8.756510762696520037e-27
1.001750619921557046e+02 1.264418172836954230e-04 4.487916501994091041e-05 8.156265226375451261e-05 8.756510762696520037e-27
1.010940992581387832e+02 1.560254203277329987e-04 4.427725949782970808e-05 1.117481608299032974e-04 8.756510762696520037e-27
1.020131365241218617e+02 1.933460248015887088e-04 4.367692455162028054e-05 1.496691002499684351e-04 8.756510762696520037e-27
1.029321737901049403e+02 2.385938075132357737e-04 4.307823087944075889e-05 1.955155766337950216e-04 8.756510762696520037e-27
1.038512110560880330e+02 2.861567558542335078e-04 4.248124917941922682e-05 2.436755066748142742e-04 8.756510762696520037e-27
1.047702483220711116e+02 3.364032152244225238e-04 4.188605014968377479e-05 2.945171650747387625e-04 8.756510762696520037e-27
1.056892855880541902e+02 3.646011202581271203e-04 4.129270448836245937e-05 3.233084157697646609e-04 8.756510762696520037e-27
1.066083228540372545e+02 3.543283170278085188e-04 4.070128289358331680e-05 3.136270341342252020e-04 8.756510762696520037e-27
1.075273601200203473e+02 3.214054536716936129e-04 4.011185606347435624e-05 2.812935976082192634e-04 8.756510762696520037e-27
1.084463973860034258e+02 2.593494784789734291e-04 3.952449469616358004e-05 2.198249837828098558e-04 8.756510762696520037e-27
1.093654346519865044e+02 2.044656959841495457e-04 3.893926948977894314e-05 1.655264264943705958e-04 8.756510762696520037e-27
1.102844719179695829e+02 1.556415012789196689e-04 3.835625114244840047e-05 1.172852501364712684e-04 8.756510762696520037e-27
1.112035091839526615e+02 1.276905473476668300e-04 3.777551035229990696e-05 8.991503699536692977e-05 8.756510762696520037e-27
1.121225464499357543e+02 1.203687606966973071e-04 3.719711781746140399e-05 8.317164287923589638e-05 8.756510762696520037e-27
1.130415837159188328e+02 1.180161420250260473e-04 3.662114423606082617e-05 8.139499778896522114e-05 8.756510762696520037e-27
1.139606209819018972e+02 1.252054306443275489e-04 3.604766030622608098e-05 8.915777033810146795e-05 8.756510762696520037e-27
1.148796582478849757e+02 1.270419070497345220e-04 3.547673672608507594e-05 9.156517032364943926e-05 8.756510762696520037e-27
1.157986955138680685e+02 1.345521157336574617e-04 3.490844419376570499e-05 9.964367153989176352e-05 8.756510762696520037e-27
1.167177327798511470e+02 1.411004171752007843e-04 3.434285340739584851e-05 1.067575637678049358e-04 8.756510762696520037e-27
1.176367700458342256e+02 1.479418629925642766e-04 3.378003506510338013e-05 1.141618279274609032e-04 8.756510762696520037e-27
1.185558073118173041e+02 1.493161664993506615e-04 3.322005986501614636e-05 1.160961066343345219e-04 8.756510762696520037e-27
1.194748445778003827e+02 1.540790760855566645e-04 3.266299850526201403e-05 1.214160775802946505e-04 8.756510762696520037e-27
1.203938818437834755e+02 1.596108569643580352e-04 3.210892168396883644e-05 1.275019352803891852e-04 8.756510762696520037e-27
1.213129191097665398e+02 1.643325360467461603e-04 3.155790009926445332e-05 1.327746359474817138e-04 8.756510762696520037e-27
1.222319563757496184e+02 1.615823895885787765e-04 3.101000444927671796e-05 1.305723851393020653e-04 8.756510762696520037e-27
1.231509936417326969e+02 1.603762567752581444e-04 3.046530543213344299e-05 1.299109513431247014e-04 8.756510762696520037e-27
1.240700309077157897e+02 1.535750106149496262e-04 2.992387374596243766e-05 1.236511368689871852e-04 8.756510762696520037e-27
1.249890681736988682e+02 1.467418761057420274e-04 2.938578008889150103e-05 1.173560960168505230e-04 8.756510762696520037e-27
1.259081054396819468e+02 1.387708539742760064e-04 2.885109515904841864e-05 1.099197588152275878e-04 8.756510762696520037e-27
1.268271427056650253e+02 1.230215443525774319e-04 2.831988965456095568e-05 9.470165469801647624e-05 8.756510762696520037e-27
1.277461799716481039e+02 9.293953310493187510e-05 2.779223427355686040e-05 6.514729883137501470e-05 8.756510762696520037e-27
1.286652172376311967e+02 7.183622615761816720e-05 2.726819971416387768e-05 4.456802644345428952e-05 8.756510762696520037e-27
1.295842545036142610e+02 5.522347566884113775e-05 2.674785667450973884e-05 2.847561899433139891e-05 8.756510762696520037e-27
1.305032917695973538e+02 4.711051133184854782e-05 2.623127585272215485e-05 2.087923547912639297e-05 8.756510762696520037e-27
1.314223290355804181e+02 4.167510404926493488e-05 2.571852794692881976e-05 1.595657610233611513e-05 8.756510762696520037e-27
1.323413663015635109e+02 3.616093236379453412e-05 2.520968365525743440e-05 1.095124870853709972e-05 8.756510762696520037e-27
1.332604035675465752e+02 3.279264848482059809e-05 2.470481367583568941e-05 8.087834808984908675e-06 8.756510762696520037e-27
1.341794408335296680e+02 3.087941436503291383e-05 2.420398870679127209e-05 6.675425658241641744e-06 8.756510762696520037e-27
1.350984780995127323e+02 2.908756847253768377e-05 2.370727944625186968e-05 5.380289026285814088e-06 8.756510762696520037e-27
1.360175153654958251e+02 2.704144655436012038e-05 2.321475659234514913e-05 3.826689962014971245e-06 8.756510762696520037e-27
1.369365526314788895e+02 2.566662367765691751e-05 2.272649084319876384e-05 2.940132834458153676e-06 5.695073828154195505e-23
1.378555898974619822e+02 2.495594837274056591e-05 2.224255289694037396e-05 2.713395475800191954e-06 4.837424514997353569e-21
1.387746271634450750e+02 2.452494178197282609e-05 2.176301345169760578e-05 2.761928330275220314e-06 1.869345273327533041e-21
1.396936644294281678e+02 2.396616042154002551e-05 2.128794320559808896e-05 2.678217215941936549e-06 9.636426488050558920e-21
1.406127016954112321e+02 2.253905951958264106e-05 2.081741285676945658e-05 1.721646662813184481e-06 1.326047787476970739e-12
1.415317389613942964e+02 2.140925478404158639e-05 2.035149310333932474e-05 1.057761680702261646e-06 5.901876691313589622e-07
1.424507762273773892e+02 2.055567329577182297e-05 1.989025464343530618e-05 6.654186523365167858e-07 1.283939896679259923e-03
1.433698134933604535e+02 1.967358883173798319e-05 1.943376817629516212e-05 2.398206554428210756e-07 8.430686116167840360e-01
1.442888507593435463e+02 1.905002077878446720e-05 1.898210592044308315e-05 6.791485834138405366e-08 9.936251549123243931e-01
1.452078880253266107e+02 1.862069703525522354e-05 1.853569963630060627e-05 8.499739895461726658e-08 9.911138958713754388e-01
1.461269252913097034e+02 1.816174428895774422e-05 1.809510108598328857e-05 6.664320297445564868e-08 9.937810318285834610e-01
1.470459625572927962e+02 1.759178200886106640e-05 1.766101183760428731e-05 -6.922982874322091014e-08 9.995632728905454734e-01
1.479649998232758605e+02 1.689511184734726796e-05 1.723425123250103144e-05 -3.391393851537634764e-07 9.999977921547422710e-01
1.488840370892589533e+02 1.648307507531411042e-05 1.681551555579739171e-05 -3.324404804832812904e-07 9.999974825332097472e-01
1.498030743552420176e+02 1.665873669741304617e-05 1.640489800936300796e-05 2.538386880500382138e-07 8.032316819133062946e-01
1.507221116212251104e+02 1.609246020038354935e-05 1.600190062449424774e-05 9.055957588930161695e-08 9.901010056633370304e-01
1.516411488872081748e+02 1.559154259340644067e-05 1.560638800814606226e-05 -1.484541473962159045e-08 9.987336317389428064e-01
1.525601861531912675e+02 1.552904739843650412e-05 1.521838421336626728e-05 3.106631850702368356e-07 5.728241379867371474e-01
1.534792234191743319e+02 1.486286572704165741e-05 1.483788692733854252e-05 2.497879970311488976e-08 9.972410702732413812e-01
1.543982606851573962e+02 1.440514666716160068e-05 1.446521029161906861e-05 -6.006362445746792349e-08 9.994774114517260832e-01
1.553172979511404890e+02 1.397754426596364266e-05 1.410071274449953261e-05 -1.231684785358899475e-07 9.998481497812256036e-01
1.562363352171235817e+02 1.381420215923384686e-05 1.374464597018259169e-05 6.955618905125516963e-08 9.934182227017190892e-01
1.571553724831066745e+02 1.343030597711924694e-05 1.339704265816097709e-05 3.326331895826985371e-08 9.967564930197310158e-01
1.580744097490897389e+02 1.308304917385412124e-05 1.305805837416399019e-05 2.499079969013105296e-08 9.972404290052351294e-01
1.589934470150728316e+02 1.271697581203604156e-05 1.272790764353789940e-05 -1.093183150185784015e-08 9.986328624575100399e-01
1.599124842810558960e+02 1.206714881332877074e-05 1.240684930961643965e-05 -3.397004962876689097e-07 9.999978163006960630e-01
1.608315215470389887e+02 1.181660263777410660e-05 1.209512280245941114e-05 -2.785201646853045472e-07 9.999927602840694707e-01
1.617505588130220531e+02 1.168838447877759700e-05 1.179236347104761861e-05 -1.039789922700216148e-07 9.997788687070149338e-01
1.626695960790051174e+02 1.176751650220880328e-05 1.149771138127346007e-05 2.698051209353432108e-07 7.491020631972864496e-01
1.635886333449882102e+02 1.127314782966134922e-05 1.121012173621629972e-05 6.302609344504949828e-08 9.942040485039368436e-01
1.645076706109713029e+02 1.092016885098814223e-05 1.092890914980385262e-05 -8.740298815710390045e-09 9.985729817368380612e-01
1.654267078769543957e+02 1.077785274304550173e-05 1.065349966436942261e-05 1.243530786760791134e-07 9.809852846096460688e-01
1.663457451429374601e+02 1.060957361435047452e-05 1.038330380173259445e-05 2.262698126178800751e-07 8.750887343231917859e-01
1.672647824089205528e+02 1.053541788416226275e-05 1.011794901342237971e-05 4.174688707398830370e-07 1.419719525392583448e-01
1.681838196749036172e+02 1.028023127281863637e-05 9.857414861252180628e-06 4.228164115664557462e-07 1.296824958401320838e-01
1.691028569408866815e+02 1.001746890455934676e-05 9.601786303647828682e-06 4.156826009115180772e-07 1.462885617588144116e-01
1.700218942068697743e+02 9.939702929097323904e-06 9.351245805451763717e-06 5.884571236455601878e-07 5.772896443346021804e-03
1.709409314728528386e+02 9.541210795397002333e-06 9.106083967983538992e-06 4.351268274134633410e-07 1.048050911388604539e-01
1.718599687388359314e+02 9.173091393229608514e-06 8.866597433559302054e-06 3.064939596703064595e-07 5.926840949772728129e-01
1.727790060048190242e+02 9.070654073103614134e-06 8.633163940272373444e-06 4.374901328312406906e-07 1.005399534128278843e-01
1.736980432708021169e+02 8.396252611046633950e-06 8.406484257953129611e-06 -1.023164690649566093e-08 9.986140152614116916e-01
1.746170805367851813e+02 8.039208111418382955e-06 8.187337374474263694e-06 -1.481292630558807391e-07 9.999068747177907168e-01
1.755361178027682740e+02 8.079847220654676741e-06 7.976484108199057130e-06 1.033631124556196111e-07 9.873147696857906830e-01
1.764551550687513384e+02 7.649725500789330063e-06 7.774421886802886049e-06 -1.246963860135559858e-07 9.998526278555823765e-01
1.773741923347344027e+02 7.573756935872564609e-06 7.581829614802674725e-06 -8.072678930110116220e-09 9.985542166865667424e-01
1.782932296007174955e+02 7.323946458286147267e-06 7.399164484378631929e-06 -7.521802609248466278e-08 9.996115986103205620e-01
1.792122668667005598e+02 6.971947826732147923e-06 7.226869352987149136e-06 -2.549215262550012134e-07 9.999885052100548899e-01
1.801313041326836526e+02 6.951393507728240289e-06 7.065253371369603123e-06 -1.138598636413628337e-07 9.998177780726101860e-01
1.810503413986667454e+02 6.917023227582015490e-06 6.914172373776890425e-06 2.850853805125065394e-09 9.982098315524747800e-01
1.819693786646498381e+02 6.680147660653836048e-06 6.773279756704081587e-06 -9.313209605024553840e-08 9.997265257448619824e-01
1.828884159306329025e+02 6.571789394456370108e-06 6.642233977185399863e-06 -7.044458272902975551e-08 9.995735394155265130e-01
1.838074531966159668e+02 6.521110638015855574e-06 6.520527922657652410e-06 5.827153582031637793e-10 9.982874996754503849e-01
1.847264904625990596e+02 6.398189677347482277e-06 6.407529263829412138e-06 -9.339586481929860800e-09 9.985896016360307215e-01
1.856455277285821239e+02 6.433526632358983942e-06 6.302606705865431866e-06 1.309199264935520759e-07 9.784308228098722582e-01
1.865645649945652167e+02 6.441193242927813735e-06 6.205112368960577789e-06 2.360808739672359461e-07 8.525200566634321131e-01
1.874836022605482810e+02 6.058827190943770114e-06 6.114626163951554284e-06 -5.579897300778417015e-08 9.994318998761650974e-01
1.884026395265313738e+02 6.071555674365496792e-06 6.031085904733286011e-06 4.046976963221078074e-08 9.962665023799659458e-01
1.893216767925144666e+02 5.906223786538542680e-06 5.954330235406289928e-06 -4.810644886774724846e-08 9.993395591447752357e-01
1.902407140584975593e+02 5.723316269596569909e-06 5.884269497942177118e-06 -1.609532283456072089e-07 9.999275610126819869e-01
1.911597513244806237e+02 5.635676956370827576e-06 5.820728544103590663e-06 -1.850515877327630864e-07 9.999548194193601525e-01
1.920787885904636880e+02 5.619019648291112544e-06 5.763246026574698333e-06 -1.442263782835857889e-07 9.998994748692836554e-01
1.929978258564467808e+02 5.754786050415837645e-06 5.711031539479137095e-06 4.375451093670054958e-08 9.960193394500236330e-01
1.939168631224298451e+02 5.729491501068182268e-06 5.663038227923819554e-06 6.645327314436271426e-08 9.938039846266697452e-01
1.948359003884129379e+02 5.716353057346938226e-06 5.618296735035327810e-06 9.805632231161041614e-08 9.885529117273978983e-01
1.957549376543960022e+02 5.706189175029458016e-06 5.575955144229055897e-06 1.302340308004021189e-07 9.787125850208301392e-01
1.966739749203790950e+02 5.559093694271647758e-06 5.535333914412988872e-06 2.375977985865888610e-08 9.973060003805624962e-01
1.975930121863621878e+02 5.443892037024048433e-06 5.495980166985011892e-06 -5.208812996096345897e-08 9.993890882691098820e-01
1.985120494523452521e+02 5.542524121436098747e-06 5.457483161044720013e-06 8.504096039137873413e-08 9.911063797265091679e-01
1.994310867183283449e+02 5.647566660366210156e-06 5.419339585029759507e-06 2.282270753364506487e-07 8.708355583190877658e-01
2.003501239843114092e+02 5.660944933702339948e-06 nan nan nan
2.012691612502945020e+02 6.009713836888015826e-06 nan nan nan
2.021881985162775663e+02 6.025071030257028200e-06 nan nan nan
2.031072357822606591e+02 6.172340249075545985e-06 nan nan nan
2.040262730482437235e+02 6.429223898347211801e-06 nan nan nan
2.049453103142268162e+02 6.592964173600976415e-06 nan nan nan
2.058643475802098806e+02 6.705164760063769561e-06 nan nan nan
2.067833848461929733e+02 6.746159585787573910e-06 nan nan nan
2.077024221121760661e+02 6.854834879229882196e-06 nan nan nan
2.086214593781591304e+02 6.927157258995922808e-06 nan nan nan
2.095404966441422232e+02 6.950138357955918899e-06 nan nan nan
2.104595339101252875e+02 6.846886469312909619e-06 nan nan nan
2.113785711761083803e+02 6.814437864199855366e-06 nan nan nan
2.122976084420914447e+02 6.712546627327653888e-06 nan nan nan
2.132166457080745090e+02 6.403253967088569734e-06 nan nan nan
2.141356829740576018e+02 6.155620344237308228e-06 nan nan nan
2.150547202400406945e+02 6.115858320637044765e-06 nan nan nan
2.159737575060237873e+02 5.984701774384424565e-06 nan nan nan
2.168927947720068516e+02 5.809288786053791878e-06 nan nan nan
2.178118320379899444e+02 5.755173777769555300e-06 nan nan nan
2.187308693039730088e+02 6.013463636771136165e-06 nan nan nan
2.196499065699561015e+02 5.953935790458591570e-06 nan nan nan
2.205689438359391659e+02 5.892646589425028893e-06 nan nan nan
2.214879811019222302e+02 6.139055742567440059e-06 nan nan nan
2.224070183679053230e+02 6.122654568927451311e-06 nan nan nan
2.233260556338884157e+02 5.821811919507857698e-06 nan nan nan
2.242450928998715085e+02 6.006261148542680119e-06 nan nan nan
2.251641301658545729e+02 5.828507869405889542e-06 nan nan nan
2.260831674318376656e+02 5.503019550915248383e-06 nan nan nan
2.270022046978207300e+02 5.553451339821544927e-06 nan nan nan
2.279212419638037943e+02 5.517685514984176360e-06 nan nan nan
2.288402792297868871e+02 5.220257327081623184e-06 nan nan nan
2.297593164957699514e+02 5.254518416290772159e-06 nan nan nan
2.306783537617530442e+02 5.348179362064611871e-06 nan nan nan
2.315973910277361369e+02 5.388437068317752704e-06 nan nan nan
2.325164282937192297e+02 5.190977499792702294e-06 nan nan nan
2.334354655597022941e+02 4.946910941489213835e-06 nan nan nan
2.343545028256853868e+02 4.965848153557034738e-06 nan nan nan
2.352735400916684512e+02 5.020964370264505525e-06 nan nan nan
2.361925773576515155e+02 5.236839702667014529e-06 nan nan nan
2.371116146236346083e+02 5.085388092464080086e-06 nan nan nan
2.380306518896176726e+02 4.983488023916681165e-06 nan nan nan
2.389496891556007654e+02 4.807299963276605900e-06 nan nan nan
2.398687264215838582e+02 4.763964007835504856e-06 nan nan nan
2.407877636875669509e+02 4.879256425485077802e-06 nan nan nan
2.417068009535500153e+02 4.849705838652048210e-06 nan nan nan
2.426258382195330796e+02 4.811022947362955834e-06 nan nan nan
2.435448754855161724e+02 4.847729787724590874e-06 nan nan nan
2.444639127514992367e+02 4.815457645872641594e-06 nan nan nan
2.453829500174823295e+02 4.584725289857011906e-06 nan nan nan
2.463019872834653938e+02 4.314161427130905628e-06 nan nan nan
2.472210245494484866e+02 4.588774022656051588e-06 nan nan nan
2.481400618154315794e+02 4.700649544435699860e-06 nan nan nan
2.490590990814146721e+02 4.624989869593450095e-06 nan nan nan
2.499781363473977365e+02 4.698902073805691200e-06 nan nan nan
2.508971736133808008e+02 4.520180662879382711e-06 nan nan nan
2.518162108793638936e+02 4.516743303186965108e-06 nan nan nan
2.527352481453469579e+02 4.486042956468547588e-06 nan nan nan
2.536542854113300507e+02 4.435099900552632416e-06 nan nan nan
2.545733226773131150e+02 4.617596156326655379e-06 nan nan nan
2.554923599432962078e+02 4.417737110976231951e-06 nan nan nan
2.564113972092793006e+02 4.486624927581413430e-06 nan nan nan
2.573304344752623933e+02 4.657804688645692968e-06 nan nan nan
2.582494717412454293e+02 4.466835771035037101e-06 nan nan nan
2.591685090072285220e+02 4.291961077542828577e-06 nan nan nan
2.600875462732116148e+02 4.510730042060300480e-06 nan nan nan
2.610065835391947076e+02 4.682424044279770564e-06 nan nan nan
2.619256208051777435e+02 4.697577069457745356e-06 nan nan nan
2.628446580711608362e+02 4.676932503540223127e-06 nan nan nan
2.637636953371439290e+02 4.326314928616262555e-06 nan nan nan
2.646827326031270218e+02 4.404109597247441070e-06 nan nan nan
2.656017698691100577e+02 4.630282213301671752e-06 nan nan nan
2.665208071350931505e+02 4.492709308691776551e-06 nan nan nan
2.674398444010762432e+02 4.549747393991592784e-06 nan nan nan
2.683588816670593360e+02 4.663178600419863189e-06 nan nan nan
2.692779189330424288e+02 4.588856764524071658e-06 nan nan nan
2.701969561990254647e+02 4.759211730649931014e-06 nan nan nan
2.711159934650086143e+02 4.612152379070910863e-06 nan nan nan
2.720350307309916502e+02 4.544155377431706290e-06 nan nan nan
2.729540679969747430e+02 4.646289727640260762e-06 nan nan nan
2.738731052629577789e+02 4.664808569232049609e-06 nan nan nan
2.747921425289408717e+02 4.759803561881891151e-06 nan nan nan
